3,2
10,64
10,216
10,76
10,34
10,122
10,278
10,206
10,296
8,4
8,6
8,8
8,5
8,7
8,2
8,3
53,5
53,4
53,3
53,2
53,1
53,0
51,5
51,4
51,3
51,2
51,1
51,0
48,5
48,3
48,2
48,1
45,5
45,4
45,3
45,2
45,1
40,3
40,2
40,1
39,3
39,2
39,1
37,3
37,1
20,3
20,2
20,1
19,3
19,2
19,1
12,3
12,2
12,1
11,28
11,26
11,25
11,24
11,23
11,21
11,20
11,18
11,17
11,16
11,14
11,13
11,12
11,11
11,10
11,9
11,8
11,6
11,5
11,4
11,3
11,2
11,1
10,313
10,308
10,298
10,297
10,284
10,283
10,271
10,270
10,262
10,259
10,256
10,254
10,252
10,250
10,245
10,234
10,232
10,224
10,222
18,1
10,192
18,3
10,158
10,30
10,22
